1 0.601074 0.502075 0.094727 0.099854
1 0.496908 0.517700 0.099284 0.119873
1 0.610840 0.354492 0.137695 0.068848
1 0.406576 0.331787 0.229167 0.149902
1 0.675130 0.277466 0.136068 0.052002
1 0.843913 0.854614 0.239909 0.112061
1 0.699707 0.144287 0.338867 0.078613
1 0.756510 0.118286 0.082682 0.071045
1 0.802572 0.133179 0.062174 0.043213
0 0.538249 0.171997 0.551758 0.038818
0 0.804362 0.312988 0.391276 0.496094
0 0.886068 0.144897 0.057943 0.035400
0 0.947103 0.114380 0.105794 0.160889
0 0.416178 0.557617 0.242513 0.179688
0 0.605794 0.503296 0.260417 0.221924
