1 0.294108 0.364014 0.333008 0.194336
1 0.315592 0.401245 0.355143 0.368408
1 0.767578 0.505615 0.297526 0.415039
1 0.738770 0.808472 0.068034 0.077881
1 0.705566 0.241333 0.128581 0.055420
1 0.712891 0.187622 0.134766 0.063232
1 0.425944 0.132690 0.090169 0.086670
1 0.499837 0.060425 0.323893 0.075439
1 0.454753 0.038330 0.082682 0.055664
1 0.548665 0.033203 0.078451 0.065918
0 0.300781 0.072144 0.304688 0.120850
0 0.386719 0.100952 0.488281 0.145264
0 0.270508 0.169312 0.294271 0.075439
0 0.731445 0.109253 0.151042 0.119873
0 0.860189 0.106079 0.150716 0.193115
0 0.225423 0.613159 0.340169 0.131104
0 0.546549 0.437256 0.254557 0.418457
