1 0.315592 0.446167 0.399414 0.453857
1 0.727051 0.512695 0.213216 0.374023
1 0.690755 0.208130 0.184896 0.075439
1 0.548665 0.115479 0.306315 0.074219
1 0.493164 0.096558 0.053385 0.067627
1 0.593099 0.098755 0.075521 0.083252
1 0.673014 0.286987 0.066732 0.046631
0 0.408040 0.260254 0.143555 0.082031
0 0.402181 0.122559 0.421549 0.170898
0 0.437663 0.153687 0.463216 0.161865
0 0.772135 0.177490 0.173177 0.134277
0 0.897135 0.156494 0.180339 0.258789
0 0.534505 0.355591 0.260417 0.119873
0 0.413411 0.578735 0.358073 0.323975
