1 0.276489 0.705404 0.506592 0.300781
1 0.259399 0.239421 0.416748 0.471029
1 0.630127 0.427083 0.100098 0.249349
1 0.770630 0.663086 0.032471 0.100911
1 0.900024 0.552409 0.128662 0.483073
0 0.895508 0.884440 0.070801 0.229167
0 0.819824 0.408040 0.248047 0.650065
0 0.922729 0.290853 0.154541 0.331055
0 0.905273 0.349935 0.142578 0.520833
0 0.309448 0.444987 0.575439 0.289714
0 0.057007 0.141113 0.077393 0.161784
0 0.894775 0.883301 0.124512 0.233398
1 0.922729 0.593750 0.100830 0.113932
1 0.911011 0.458496 0.082275 0.108398
1 0.247192 0.198242 0.226318 0.364583
