0 0.415365 0.077637 0.537109 0.125488
0 0.450358 0.139893 0.577148 0.085449
0 0.499186 0.180298 0.153971 0.079834
0 0.408854 0.209229 0.361328 0.346191
0 0.349609 0.485596 0.325521 0.137695
0 0.311198 0.705811 0.269531 0.198730
1 0.787598 0.695312 0.269206 0.108887
1 0.451823 0.250244 0.103516 0.097656
1 0.587077 0.250244 0.057617 0.057617
1 0.562826 0.090454 0.076823 0.071045
1 0.662598 0.083862 0.084310 0.086670
0 0.794434 0.120972 0.051758 0.043213
1 0.610840 0.115356 0.335612 0.083252
0 0.854329 0.104858 0.121419 0.204346
0 0.928548 0.283081 0.142904 0.087646
