1 0.127441 0.685221 0.052246 0.117188
1 0.422485 0.724447 0.417725 0.225586
1 0.696167 0.707031 0.062744 0.132161
1 0.503662 0.301107 0.369629 0.377604
1 0.931763 0.501953 0.079834 0.336589
1 0.960571 0.545410 0.077393 0.101888
1 0.958130 0.453125 0.048096 0.069661
0 0.874756 0.729818 0.118652 0.156250
0 0.914551 0.861003 0.170898 0.162760
0 0.918701 0.275716 0.162598 0.311198
0 0.870728 0.370605 0.178955 0.492513
0 0.767822 0.234049 0.104980 0.143229
0 0.492676 0.504720 0.441895 0.252930
0 0.276001 0.217122 0.129639 0.222656
