0 0.468750 0.209717 0.184896 0.098633
0 0.453939 0.312988 0.220378 0.125488
0 0.311198 0.596558 0.231120 0.177490
0 0.292643 0.093872 0.427734 0.177490
0 0.399902 0.114868 0.603841 0.119873
0 0.770020 0.089966 0.133138 0.054443
0 0.885254 0.090454 0.171549 0.175537
0 0.908366 0.242432 0.176107 0.082031
1 0.547201 0.082153 0.386068 0.114502
1 0.479980 0.059937 0.068034 0.067627
1 0.596029 0.054443 0.096354 0.089844
1 0.559082 0.309082 0.051758 0.064453
1 0.350423 0.465088 0.099284 0.081055
0 0.289062 0.272461 0.449870 0.501465
