1 0.904687 0.527344 0.190625 0.226562
1 0.602083 0.458984 0.275000 0.111719
1 0.208333 0.434766 0.160417 0.086719
1 0.412500 0.276953 0.202083 0.303906
1 0.692187 0.170703 0.421875 0.335156
1 0.807292 0.878125 0.135417 0.095312
1 0.583333 0.870313 0.158333 0.095312
1 0.306771 0.773438 0.121875 0.150000
0 0.236979 0.362500 0.140625 0.121875
0 0.538021 0.079297 0.201042 0.092969
0 0.615104 0.653516 0.503125 0.385156
0 0.736458 0.768750 0.527083 0.270313
0 0.357292 0.787500 0.510417 0.184375
0 0.185938 0.676172 0.359375 0.197656
