1 0.396973 0.458374 0.109701 0.123291
1 0.514648 0.448853 0.102214 0.115479
1 0.759440 0.796265 0.248698 0.106689
1 0.306152 0.271362 0.247070 0.153076
1 0.521973 0.289673 0.149414 0.070068
1 0.590820 0.214233 0.139323 0.063232
1 0.613770 0.082153 0.338867 0.090088
1 0.556803 0.067139 0.071289 0.053223
1 0.666341 0.072144 0.085938 0.058838
0 0.453288 0.115967 0.571289 0.053223
0 0.194173 0.046631 0.062174 0.089844
0 0.800944 0.097656 0.068034 0.045410
0 0.900065 0.084839 0.174479 0.164307
0 0.321615 0.494995 0.248698 0.174072
0 0.505859 0.445068 0.238281 0.220703
0 0.729818 0.478882 0.222005 0.173096
