1 0.654460 0.872314 0.100586 0.047852
1 0.491048 0.851196 0.137695 0.154053
1 0.337728 0.524902 0.328451 0.342773
1 0.717448 0.590332 0.232422 0.382812
1 0.676758 0.273560 0.124349 0.068604
1 0.503581 0.094238 0.337240 0.085449
1 0.440592 0.082153 0.078451 0.056396
1 0.552409 0.072754 0.085938 0.082031
0 0.354980 0.099365 0.442383 0.164062
0 0.722656 0.143677 0.156901 0.128662
0 0.632324 0.194214 0.204102 0.092041
0 0.251953 0.263062 0.151042 0.120850
0 0.858724 0.120972 0.151042 0.240967
0 0.534668 0.537109 0.198242 0.436035
0 0.294271 0.743042 0.255859 0.084229
