1 0.339355 0.546021 0.361003 0.391846
1 0.731445 0.610962 0.218750 0.421631
1 0.408854 0.903320 0.118490 0.138672
1 0.522786 0.909546 0.118490 0.148682
1 0.678223 0.891724 0.094727 0.066650
1 0.697428 0.279175 0.127279 0.084229
1 0.523438 0.074951 0.362630 0.080078
1 0.467936 0.066650 0.073893 0.074219
1 0.577474 0.054932 0.085938 0.088867
0 0.368978 0.087646 0.464518 0.169922
0 0.400065 0.135986 0.514974 0.166504
0 0.263835 0.261475 0.159831 0.122070
0 0.677409 0.177612 0.211589 0.096436
0 0.776530 0.134888 0.185221 0.137451
0 0.902995 0.114258 0.118490 0.223145
0 0.537598 0.536011 0.213216 0.442627
0 0.271159 0.750122 0.233724 0.087646
