1 0.590169 0.088257 0.326823 0.075439
1 0.529460 0.069336 0.069336 0.060059
1 0.636719 0.065430 0.082682 0.076660
1 0.478353 0.209106 0.224935 0.144287
1 0.738770 0.180420 0.198242 0.073242
1 0.728516 0.260254 0.124349 0.064453
1 0.784668 0.506104 0.239909 0.394043
1 0.624186 0.446777 0.045898 0.053223
1 0.332031 0.407837 0.429036 0.492920
0 0.440592 0.096558 0.448242 0.176514
0 0.471029 0.141602 0.482422 0.190918
0 0.815104 0.152100 0.158203 0.149902
0 0.916992 0.123779 0.146484 0.244141
0 0.566406 0.325684 0.297526 0.135254
0 0.414062 0.570923 0.401042 0.348389
