1 0.333333 0.442261 0.346354 0.492920
1 0.471680 0.830078 0.125651 0.147461
1 0.647786 0.868286 0.090495 0.046631
1 0.732910 0.583740 0.221680 0.402832
1 0.681803 0.269043 0.116862 0.053223
1 0.459147 0.222534 0.242513 0.131104
1 0.518229 0.097168 0.319661 0.082031
1 0.562663 0.077148 0.079753 0.073242
1 0.460775 0.078247 0.062174 0.051025
0 0.379883 0.103760 0.412760 0.195312
0 0.741699 0.154785 0.165690 0.142090
0 0.881510 0.154297 0.167318 0.293945
0 0.407389 0.161499 0.491211 0.173096
0 0.269694 0.221924 0.115560 0.085449
0 0.541992 0.383911 0.210286 0.160889
0 0.243978 0.705200 0.300456 0.111084
