1 0.474609 0.847900 0.732422 0.183105
1 0.351237 0.780273 0.168620 0.109863
1 0.572266 0.777466 0.134766 0.095459
1 0.226725 0.499878 0.192383 0.095459
1 0.268229 0.256348 0.242839 0.249512
1 0.514648 0.132080 0.078125 0.056641
1 0.690755 0.260742 0.374349 0.265137
0 0.839355 0.528809 0.209961 0.162109
0 0.226888 0.626465 0.302083 0.135254
0 0.076009 0.795166 0.148112 0.084473
0 0.605957 0.687988 0.788086 0.211914
0 0.664551 0.740234 0.670898 0.134277
0 0.468099 0.382935 0.254557 0.172119
1 0.390462 0.110474 0.072591 0.035400
