1 0.797485 0.123372 0.104248 0.169271
1 0.592407 0.334798 0.032471 0.088867
1 0.456055 0.557943 0.245117 0.263672
1 0.216187 0.277995 0.061768 0.100911
1 0.276489 0.336426 0.070068 0.122721
1 0.144531 0.496419 0.198730 0.227865
0 0.484131 0.170898 0.130371 0.169271
0 0.482056 0.347331 0.179932 0.187500
1 0.082642 0.186686 0.070068 0.111654
1 0.061157 0.285482 0.052979 0.085938
1 0.085083 0.272949 0.128662 0.288737
0 0.033447 0.164551 0.057617 0.075846
0 0.079468 0.407064 0.135010 0.474284
0 0.106323 0.073893 0.162842 0.115885
0 0.162964 0.789551 0.313721 0.173503
