1 0.560384 0.117065 0.306315 0.066650
1 0.509603 0.107666 0.062174 0.061035
1 0.612305 0.100952 0.075521 0.058838
1 0.512370 0.252930 0.207031 0.134277
1 0.712077 0.210815 0.171549 0.067627
1 0.726888 0.290283 0.124349 0.053223
1 0.754395 0.587646 0.196940 0.370605
1 0.533854 0.818970 0.104818 0.120850
1 0.405924 0.506104 0.319661 0.378418
0 0.342285 0.271362 0.118164 0.077881
0 0.436198 0.133789 0.391927 0.162109
0 0.461426 0.168091 0.463216 0.124268
0 0.785482 0.160889 0.167318 0.121094
0 0.894206 0.114868 0.139323 0.201904
0 0.596029 0.529907 0.217448 0.397217
0 0.323730 0.699707 0.208659 0.104492
1 0.679688 0.850708 0.085938 0.046631
