1 0.483561 0.148193 0.312174 0.104492
1 0.426595 0.142090 0.062174 0.054199
1 0.527181 0.145874 0.073893 0.066650
1 0.404460 0.289062 0.219076 0.142090
1 0.599772 0.264160 0.153971 0.078613
1 0.601888 0.348511 0.096354 0.054443
1 0.567220 0.548218 0.150716 0.324951
1 0.482910 0.510986 0.035482 0.057617
1 0.265462 0.567627 0.295898 0.354980
1 0.314941 0.817871 0.122721 0.109863
0 0.231934 0.298462 0.116862 0.116455
0 0.333333 0.145386 0.444010 0.118896
0 0.347493 0.187012 0.501628 0.117676
0 0.672201 0.209106 0.130208 0.095459
0 0.828939 0.171997 0.100586 0.160889
0 0.818685 0.308594 0.218750 0.076660
0 0.423014 0.393433 0.202799 0.126709
0 0.182454 0.715820 0.221680 0.121094
0 0.432617 0.596558 0.124349 0.250732
