1 0.535319 0.094971 0.356445 0.082031
1 0.479004 0.084351 0.078451 0.067627
1 0.590820 0.087646 0.085938 0.085449
1 0.471680 0.223022 0.113932 0.098877
1 0.739583 0.288086 0.146484 0.073242
1 0.724121 0.355225 0.133138 0.081055
1 0.748372 0.613647 0.226562 0.391846
1 0.358561 0.553223 0.280924 0.192871
1 0.368978 0.556030 0.340169 0.363037
0 0.401530 0.089966 0.437826 0.127686
0 0.289876 0.278564 0.149414 0.121094
0 0.431152 0.152588 0.497070 0.137695
0 0.766927 0.138672 0.151042 0.129883
0 0.911784 0.121582 0.097656 0.208496
0 0.453939 0.329590 0.545898 0.109863
0 0.575195 0.558838 0.211589 0.443848
0 0.317220 0.763550 0.186523 0.094482
1 0.720215 0.895630 0.051758 0.074463
