1 0.278646 0.218628 0.494141 0.431885
1 0.780273 0.331299 0.260417 0.306152
1 0.714518 0.130371 0.179036 0.057617
1 0.579102 0.077148 0.287109 0.068848
1 0.618978 0.042725 0.091471 0.077637
1 0.528646 0.050049 0.065104 0.061035
0 0.365072 0.067139 0.279622 0.128906
0 0.473145 0.105347 0.442383 0.107666
0 0.886882 0.122192 0.100586 0.185303
0 0.441406 0.151001 0.136068 0.054443
1 0.699544 0.168213 0.075521 0.033203
0 0.570964 0.215332 0.205729 0.103027
0 0.423665 0.386230 0.372721 0.305176
0 0.136556 0.450073 0.174805 0.128662
0 0.796549 0.117676 0.186198 0.121094
