1 0.567057 0.148193 0.319661 0.073242
1 0.517578 0.129761 0.048828 0.058838
1 0.623372 0.120972 0.065104 0.078857
0 0.418457 0.155884 0.557617 0.084229
0 0.389648 0.112061 0.503255 0.121094
0 0.837240 0.120483 0.146484 0.221924
0 0.755046 0.163086 0.068034 0.045410
0 0.358561 0.258057 0.346029 0.397461
1 0.261719 0.255737 0.134766 0.168701
1 0.417643 0.315796 0.097656 0.079834
0 0.482096 0.256348 0.155599 0.085449
1 0.737305 0.631348 0.201172 0.085449
1 0.750651 0.719116 0.198568 0.103271
1 0.820801 0.846191 0.279622 0.108887
0 0.322917 0.630981 0.645182 0.099854
1 0.482096 0.629272 0.102214 0.043213
