1 0.338704 0.482788 0.273763 0.196533
1 0.357096 0.506104 0.340495 0.389648
1 0.715983 0.886719 0.057617 0.065430
1 0.755046 0.586548 0.248372 0.399658
1 0.739583 0.317505 0.140625 0.058838
1 0.736654 0.252441 0.119792 0.053223
1 0.456217 0.184692 0.085612 0.075439
1 0.535970 0.084351 0.328451 0.070068
1 0.478516 0.054932 0.070964 0.066406
1 0.578939 0.053833 0.079753 0.079834
0 0.388184 0.088257 0.437826 0.155518
0 0.400065 0.069946 0.417318 0.132080
0 0.764811 0.141602 0.176107 0.150879
0 0.894206 0.108276 0.139323 0.213135
0 0.285319 0.241333 0.116862 0.115479
0 0.451823 0.285278 0.473307 0.083252
0 0.550944 0.520996 0.213216 0.459473
0 0.280924 0.708496 0.264974 0.117676
