1 0.773958 0.407422 0.137500 0.078906
1 0.511979 0.365234 0.192708 0.069531
1 0.618750 0.672266 0.179167 0.416406
1 0.336458 0.626953 0.358333 0.482031
1 0.529167 0.125781 0.077083 0.078125
1 0.425000 0.127734 0.077083 0.064844
1 0.850521 0.152734 0.046875 0.067969
0 0.482292 0.257422 0.150000 0.097656
0 0.265104 0.841797 0.178125 0.110156
0 0.459375 0.779297 0.141667 0.157031
0 0.496354 0.439063 0.155208 0.090625
0 0.441146 0.178516 0.361458 0.111719
0 0.701042 0.191016 0.339583 0.230469
0 0.497396 0.083594 0.167708 0.075000
0 0.942187 0.190234 0.115625 0.244531
